Random Number, Steps, Numbers to Test, MIN, MAX
1902,29,1000,1,10000
3702,131,1000,1,10000
4538,64,1000,1,10000
1509,65,1000,1,10000
5233,28,1000,1,10000
4034,69,1000,1,10000
4157,64,1000,1,10000
3725,38,1000,1,10000
7823,83,1000,1,10000
5875,54,1000,1,10000
6019,41,1000,1,10000
3697,38,1000,1,10000
3549,56,1000,1,10000
673,64,1000,1,10000
503,66,1000,1,10000
2817,84,1000,1,10000
3792,38,1000,1,10000
4310,170,1000,1,10000
3970,51,1000,1,10000
4209,33,1000,1,10000
7041,57,1000,1,10000
9550,60,1000,1,10000
5321,54,1000,1,10000
7249,70,1000,1,10000
2099,63,1000,1,10000
3291,136,1000,1,10000
6249,155,1000,1,10000
6302,62,1000,1,10000
1478,21,1000,1,10000
9575,197,1000,1,10000
6506,44,1000,1,10000
3379,35,1000,1,10000
3276,43,1000,1,10000
7395,39,1000,1,10000
1239,132,1000,1,10000
4860,165,1000,1,10000
1428,34,1000,1,10000
1747,148,1000,1,10000
4937,134,1000,1,10000
9251,34,1000,1,10000
7622,39,1000,1,10000
955,28,1000,1,10000
9299,135,1000,1,10000
1170,57,1000,1,10000
7979,52,1000,1,10000
6153,93,1000,1,10000
338,50,1000,1,10000
1770,117,1000,1,10000
6814,62,1000,1,10000
4307,77,1000,1,10000
5978,49,1000,1,10000
3854,51,1000,1,10000
3856,25,1000,1,10000
7651,39,1000,1,10000
1103,44,1000,1,10000
2306,151,1000,1,10000
7293,163,1000,1,10000
7351,101,1000,1,10000
4960,90,1000,1,10000
8770,140,1000,1,10000
3277,43,1000,1,10000
7817,132,1000,1,10000
8500,127,1000,1,10000
6552,44,1000,1,10000
5212,103,1000,1,10000
6090,36,1000,1,10000
7764,101,1000,1,10000
2991,48,1000,1,10000
7836,83,1000,1,10000
2700,115,1000,1,10000
2241,45,1000,1,10000
5457,67,1000,1,10000
6,8,1000,1,10000
7891,101,1000,1,10000
2978,48,1000,1,10000
7984,52,1000,1,10000
396,27,1000,1,10000
3316,92,1000,1,10000
6105,111,1000,1,10000
7209,70,1000,1,10000
7622,39,1000,1,10000
8435,57,1000,1,10000
1063,75,1000,1,10000
7830,101,1000,1,10000
6085,111,1000,1,10000
8517,127,1000,1,10000
135,41,1000,1,10000
3377,35,1000,1,10000
2219,94,1000,1,10000
5094,33,1000,1,10000
8498,127,1000,1,10000
5495,67,1000,1,10000
9263,140,1000,1,10000
3349,43,1000,1,10000
8398,65,1000,1,10000
4474,90,1000,1,10000
9438,104,1000,1,10000
6161,36,1000,1,10000
7464,88,1000,1,10000
3625,69,1000,1,10000
5212,103,1000,1,10000
6057,186,1000,1,10000
9082,65,1000,1,10000
5217,147,1000,1,10000
299,117,1000,1,10000
2059,37,1000,1,10000
9552,29,1000,1,10000
694,126,1000,1,10000
5374,98,1000,1,10000
5657,111,1000,1,10000
4255,201,1000,1,10000
9348,60,1000,1,10000
443,53,1000,1,10000
1669,135,1000,1,10000
7177,75,1000,1,10000
2879,128,1000,1,10000
185,44,1000,1,10000
3663,69,1000,1,10000
2607,84,1000,1,10000
2403,58,1000,1,10000
5109,59,1000,1,10000
1104,18,1000,1,10000
4249,126,1000,1,10000
4371,108,1000,1,10000
804,20,1000,1,10000
2646,53,1000,1,10000
5196,147,1000,1,10000
6593,124,1000,1,10000
5159,147,1000,1,10000
9011,39,1000,1,10000
217,26,1000,1,10000
370,45,1000,1,10000
5067,33,1000,1,10000
9298,135,1000,1,10000
1939,50,1000,1,10000
1718,148,1000,1,10000
7709,52,1000,1,10000
1490,91,1000,1,10000
8763,47,1000,1,10000
9434,60,1000,1,10000
3498,118,1000,1,10000
3017,40,1000,1,10000
8781,140,1000,1,10000
3940,25,1000,1,10000
4685,59,1000,1,10000
2309,32,1000,1,10000
3170,79,1000,1,10000
1221,39,1000,1,10000
5972,23,1000,1,10000
5776,49,1000,1,10000
3623,118,1000,1,10000
7432,132,1000,1,10000
6879,150,1000,1,10000
4223,157,1000,1,10000
1802,55,1000,1,10000
4034,69,1000,1,10000
3221,22,1000,1,10000
6997,119,1000,1,10000
626,131,1000,1,10000
8379,158,1000,1,10000
6007,41,1000,1,10000
843,41,1000,1,10000
5100,85,1000,1,10000
7426,70,1000,1,10000
6492,137,1000,1,10000
3390,180,1000,1,10000
9143,60,1000,1,10000
4200,33,1000,1,10000
4880,41,1000,1,10000
4257,38,1000,1,10000
3634,69,1000,1,10000
4729,59,1000,1,10000
7274,18,1000,1,10000
8766,78,1000,1,10000
5021,90,1000,1,10000
8310,65,1000,1,10000
1075,23,1000,1,10000
8190,158,1000,1,10000
9531,78,1000,1,10000
3398,61,1000,1,10000
3966,51,1000,1,10000
9505,122,1000,1,10000
829,90,1000,1,10000
844,41,1000,1,10000
3728,87,1000,1,10000
8982,184,1000,1,10000
1230,70,1000,1,10000
3300,136,1000,1,10000
5978,49,1000,1,10000
1855,117,1000,1,10000
8030,44,1000,1,10000
8336,127,1000,1,10000
9049,47,1000,1,10000
3129,110,1000,1,10000
5761,173,1000,1,10000
5541,67,1000,1,10000
2871,79,1000,1,10000
1255,88,1000,1,10000
6092,36,1000,1,10000
4102,38,1000,1,10000
5512,129,1000,1,10000
6077,155,1000,1,10000
8830,171,1000,1,10000
9137,34,1000,1,10000
4843,165,1000,1,10000
3850,51,1000,1,10000
7446,132,1000,1,10000
2269,63,1000,1,10000
2040,50,1000,1,10000
3328,17,1000,1,10000
2018,112,1000,1,10000
6005,49,1000,1,10000
9185,184,1000,1,10000
2846,66,1000,1,10000
3200,30,1000,1,10000
9264,34,1000,1,10000
8179,65,1000,1,10000
4429,139,1000,1,10000
2563,53,1000,1,10000
4156,64,1000,1,10000
2636,53,1000,1,10000
592,25,1000,1,10000
2491,102,1000,1,10000
1684,42,1000,1,10000
72,22,1000,1,10000
4604,59,1000,1,10000
3576,100,1000,1,10000
2942,172,1000,1,10000
5858,98,1000,1,10000
9668,21,1000,1,10000
7043,106,1000,1,10000
7721,114,1000,1,10000
5744,54,1000,1,10000
2225,138,1000,1,10000
6857,57,1000,1,10000
6938,31,1000,1,10000
6074,62,1000,1,10000
655,144,1000,1,10000
9206,122,1000,1,10000
8113,114,1000,1,10000
3982,51,1000,1,10000
1223,132,1000,1,10000
469,22,1000,1,10000
9518,78,1000,1,10000
420,40,1000,1,10000
3669,38,1000,1,10000
8781,140,1000,1,10000
8598,65,1000,1,10000
4449,69,1000,1,10000
1343,96,1000,1,10000
9105,153,1000,1,10000
3436,149,1000,1,10000
8286,65,1000,1,10000
7948,96,1000,1,10000
5120,15,1000,1,10000
8358,65,1000,1,10000
2551,84,1000,1,10000
5047,134,1000,1,10000
7651,39,1000,1,10000
8408,96,1000,1,10000
4714,121,1000,1,10000
1046,124,1000,1,10000
6129,49,1000,1,10000
6810,62,1000,1,10000
3270,43,1000,1,10000
9337,153,1000,1,10000
3747,87,1000,1,10000
9343,60,1000,1,10000
9991,166,1000,1,10000
9305,91,1000,1,10000
3808,38,1000,1,10000
325,24,1000,1,10000
6879,150,1000,1,10000
628,38,1000,1,10000
9842,73,1000,1,10000
3651,43,1000,1,10000
648,25,1000,1,10000
4975,72,1000,1,10000
8600,26,1000,1,10000
5097,178,1000,1,10000
6317,124,1000,1,10000
7705,145,1000,1,10000
8532,34,1000,1,10000
955,28,1000,1,10000
2004,112,1000,1,10000
3,7,1000,1,10000
5664,36,1000,1,10000
4554,59,1000,1,10000
5050,41,1000,1,10000
3314,74,1000,1,10000
9313,109,1000,1,10000
6115,111,1000,1,10000
711,64,1000,1,10000
5441,54,1000,1,10000
9276,60,1000,1,10000
3980,25,1000,1,10000
1130,18,1000,1,10000
9375,47,1000,1,10000
9675,73,1000,1,10000
1120,18,1000,1,10000
5031,116,1000,1,10000
9834,42,1000,1,10000
7796,145,1000,1,10000
1909,37,1000,1,10000
461,35,1000,1,10000
7638,31,1000,1,10000
1911,29,1000,1,10000
1109,18,1000,1,10000
2612,27,1000,1,10000
511,61,1000,1,10000
2557,133,1000,1,10000
5280,116,1000,1,10000
4567,59,1000,1,10000
7440,39,1000,1,10000
2586,102,1000,1,10000
6570,31,1000,1,10000
3795,69,1000,1,10000
8249,65,1000,1,10000
1123,44,1000,1,10000
5196,147,1000,1,10000
7915,101,1000,1,10000
435,27,1000,1,10000
7662,176,1000,1,10000
8625,52,1000,1,10000
2228,45,1000,1,10000
6938,31,1000,1,10000
8957,140,1000,1,10000
3357,87,1000,1,10000
6312,31,1000,1,10000
8631,127,1000,1,10000
828,90,1000,1,10000
1342,96,1000,1,10000
4816,20,1000,1,10000
8624,52,1000,1,10000
9602,122,1000,1,10000
5276,147,1000,1,10000
2613,27,1000,1,10000
1513,65,1000,1,10000
2736,128,1000,1,10000
1576,29,1000,1,10000
8375,65,1000,1,10000
1644,135,1000,1,10000
6855,88,1000,1,10000
2941,48,1000,1,10000
5436,67,1000,1,10000
5793,54,1000,1,10000
9510,52,1000,1,10000
9230,91,1000,1,10000
4041,144,1000,1,10000
6984,150,1000,1,10000
777,33,1000,1,10000
8307,65,1000,1,10000
7418,119,1000,1,10000
8438,158,1000,1,10000
6932,31,1000,1,10000
5997,49,1000,1,10000
5375,98,1000,1,10000
5888,23,1000,1,10000
5705,80,1000,1,10000
8038,26,1000,1,10000
870,28,1000,1,10000
6533,137,1000,1,10000
5731,28,1000,1,10000
5685,36,1000,1,10000
5156,147,1000,1,10000
1685,42,1000,1,10000
7312,132,1000,1,10000
7768,39,1000,1,10000
3197,74,1000,1,10000
6400,31,1000,1,10000
9343,60,1000,1,10000
1571,122,1000,1,10000
4395,126,1000,1,10000
2549,58,1000,1,10000
863,41,1000,1,10000
9830,135,1000,1,10000
8341,127,1000,1,10000
372,19,1000,1,10000
5411,41,1000,1,10000
8734,140,1000,1,10000
3707,131,1000,1,10000
6187,62,1000,1,10000
7040,119,1000,1,10000
7476,88,1000,1,10000
4625,33,1000,1,10000
323,99,1000,1,10000
3473,105,1000,1,10000
6351,199,1000,1,10000
2562,53,1000,1,10000
9177,109,1000,1,10000
741,46,1000,1,10000
3431,118,1000,1,10000
2061,125,1000,1,10000
6471,168,1000,1,10000
5467,116,1000,1,10000
7216,57,1000,1,10000
4507,90,1000,1,10000
9131,153,1000,1,10000
1335,145,1000,1,10000
7703,145,1000,1,10000
1882,130,1000,1,10000
7029,57,1000,1,10000
5625,160,1000,1,10000
6276,36,1000,1,10000
5930,49,1000,1,10000
2839,128,1000,1,10000
6106,155,1000,1,10000
622,87,1000,1,10000
3210,22,1000,1,10000
7868,101,1000,1,10000
9355,197,1000,1,10000
3268,43,1000,1,10000
4055,157,1000,1,10000
2747,66,1000,1,10000
744,20,1000,1,10000
5031,116,1000,1,10000
3069,61,1000,1,10000
4216,82,1000,1,10000
1381,127,1000,1,10000
5631,160,1000,1,10000
9744,135,1000,1,10000
2121,107,1000,1,10000
5413,41,1000,1,10000
1805,55,1000,1,10000
4944,28,1000,1,10000
7232,18,1000,1,10000
9020,140,1000,1,10000
9450,60,1000,1,10000
6362,106,1000,1,10000
6707,44,1000,1,10000
3505,56,1000,1,10000
8243,65,1000,1,10000
87,30,1000,1,10000
5481,41,1000,1,10000
4518,38,1000,1,10000
6016,111,1000,1,10000
8320,34,1000,1,10000
6975,132,1000,1,10000
6638,44,1000,1,10000
7881,145,1000,1,10000
4843,165,1000,1,10000
2344,120,1000,1,10000
1149,44,1000,1,10000
5249,129,1000,1,10000
1442,47,1000,1,10000
1892,37,1000,1,10000
279,42,1000,1,10000
863,41,1000,1,10000
2459,102,1000,1,10000
8011,52,1000,1,10000
6493,137,1000,1,10000
2202,94,1000,1,10000
132,28,1000,1,10000
8257,189,1000,1,10000
4006,144,1000,1,10000
1427,26,1000,1,10000
5488,129,1000,1,10000
9378,153,1000,1,10000
7228,119,1000,1,10000
8201,114,1000,1,10000
2436,133,1000,1,10000
732,95,1000,1,10000
6443,75,1000,1,10000
2522,40,1000,1,10000
2565,53,1000,1,10000
7313,119,1000,1,10000
8538,65,1000,1,10000
884,116,1000,1,10000
4287,126,1000,1,10000
1527,153,1000,1,10000
5116,134,1000,1,10000
5481,41,1000,1,10000
222,70,1000,1,10000
2616,146,1000,1,10000
729,33,1000,1,10000
8016,114,1000,1,10000
4507,90,1000,1,10000
7359,145,1000,1,10000
8878,96,1000,1,10000
6965,31,1000,1,10000
5370,98,1000,1,10000
1722,104,1000,1,10000
5519,160,1000,1,10000
1853,130,1000,1,10000
9978,135,1000,1,10000
9524,78,1000,1,10000
3279,105,1000,1,10000
1818,16,1000,1,10000
8901,140,1000,1,10000
506,110,1000,1,10000
18,20,1000,1,10000
1336,70,1000,1,10000
7590,70,1000,1,10000
6461,75,1000,1,10000
210,39,1000,1,10000
154,23,1000,1,10000
125,108,1000,1,10000
5099,116,1000,1,10000
7389,70,1000,1,10000
763,152,1000,1,10000
6625,75,1000,1,10000
2504,133,1000,1,10000
6244,62,1000,1,10000
3198,74,1000,1,10000
5120,15,1000,1,10000
3324,136,1000,1,10000
1213,44,1000,1,10000
5978,49,1000,1,10000
683,38,1000,1,10000
90,17,1000,1,10000
9295,60,1000,1,10000
6052,67,1000,1,10000
1811,68,1000,1,10000
4813,59,1000,1,10000
7904,52,1000,1,10000
8141,158,1000,1,10000
4336,46,1000,1,10000
7534,88,1000,1,10000
9958,42,1000,1,10000
9589,122,1000,1,10000
4391,170,1000,1,10000
9975,166,1000,1,10000
7276,163,1000,1,10000
1980,99,1000,1,10000
2787,35,1000,1,10000
3837,131,1000,1,10000
2133,32,1000,1,10000
2911,141,1000,1,10000
8935,109,1000,1,10000
5873,98,1000,1,10000
3674,131,1000,1,10000
1911,29,1000,1,10000
4729,59,1000,1,10000
9917,47,1000,1,10000
5109,59,1000,1,10000
6200,155,1000,1,10000
9592,73,1000,1,10000
2673,115,1000,1,10000
2177,138,1000,1,10000
274,91,1000,1,10000
2763,40,1000,1,10000
1471,171,1000,1,10000
2677,71,1000,1,10000
925,129,1000,1,10000
2635,53,1000,1,10000
6932,31,1000,1,10000
9065,122,1000,1,10000
3323,118,1000,1,10000
817,41,1000,1,10000
5374,98,1000,1,10000
2911,141,1000,1,10000
5208,103,1000,1,10000
5349,46,1000,1,10000
6538,44,1000,1,10000
7187,31,1000,1,10000
8135,65,1000,1,10000
375,45,1000,1,10000
5672,36,1000,1,10000
7398,70,1000,1,10000
9309,153,1000,1,10000
1544,122,1000,1,10000
1071,168,1000,1,10000
7572,39,1000,1,10000
2624,115,1000,1,10000
7339,194,1000,1,10000
2680,71,1000,1,10000
8823,47,1000,1,10000
6930,150,1000,1,10000
5352,72,1000,1,10000
1000,111,1000,1,10000
3556,149,1000,1,10000
4466,139,1000,1,10000
8822,47,1000,1,10000
6232,62,1000,1,10000
1743,179,1000,1,10000
1457,34,1000,1,10000
9516,78,1000,1,10000
7159,75,1000,1,10000
4779,77,1000,1,10000
332,112,1000,1,10000
2533,32,1000,1,10000
4041,144,1000,1,10000
5539,67,1000,1,10000
7881,145,1000,1,10000
6930,150,1000,1,10000
9078,184,1000,1,10000
2367,89,1000,1,10000
3656,131,1000,1,10000
4749,77,1000,1,10000
9764,73,1000,1,10000
9317,153,1000,1,10000
2644,115,1000,1,10000
834,134,1000,1,10000
6888,106,1000,1,10000
5268,54,1000,1,10000
8172,158,1000,1,10000
5919,173,1000,1,10000
4090,64,1000,1,10000
1454,47,1000,1,10000
1270,31,1000,1,10000
1441,140,1000,1,10000
5009,90,1000,1,10000
2088,32,1000,1,10000
6615,75,1000,1,10000
7592,39,1000,1,10000
3830,175,1000,1,10000
8071,70,1000,1,10000
3459,105,1000,1,10000
988,49,1000,1,10000
9201,47,1000,1,10000
3791,175,1000,1,10000
3520,118,1000,1,10000
9593,122,1000,1,10000
5681,80,1000,1,10000
7752,52,1000,1,10000
2874,53,1000,1,10000
4758,77,1000,1,10000
119,33,1000,1,10000
6530,137,1000,1,10000
5858,98,1000,1,10000
6234,62,1000,1,10000
5846,142,1000,1,10000
8502,83,1000,1,10000
7068,150,1000,1,10000
9085,65,1000,1,10000
121,95,1000,1,10000
1591,104,1000,1,10000
5003,178,1000,1,10000
562,43,1000,1,10000
3044,35,1000,1,10000
2624,115,1000,1,10000
2003,143,1000,1,10000
4404,95,1000,1,10000
4711,59,1000,1,10000
8617,171,1000,1,10000
8348,114,1000,1,10000
4892,134,1000,1,10000
3039,154,1000,1,10000
1806,117,1000,1,10000
5880,49,1000,1,10000
8591,78,1000,1,10000
1948,143,1000,1,10000
5751,54,1000,1,10000
4535,90,1000,1,10000
7629,31,1000,1,10000
9855,96,1000,1,10000
7408,132,1000,1,10000
2386,102,1000,1,10000
9973,135,1000,1,10000
289,29,1000,1,10000
8244,127,1000,1,10000
6206,93,1000,1,10000
6134,62,1000,1,10000
3097,185,1000,1,10000
9625,47,1000,1,10000
1570,122,1000,1,10000
3217,74,1000,1,10000
7568,39,1000,1,10000
6572,75,1000,1,10000
3778,82,1000,1,10000
6963,57,1000,1,10000
9196,153,1000,1,10000
2132,32,1000,1,10000
1367,39,1000,1,10000
258,122,1000,1,10000
7100,88,1000,1,10000
9714,166,1000,1,10000
5150,147,1000,1,10000
6490,137,1000,1,10000
7871,83,1000,1,10000
7381,39,1000,1,10000
1432,34,1000,1,10000
9819,73,1000,1,10000
9483,52,1000,1,10000
5966,142,1000,1,10000
7447,132,1000,1,10000
9337,153,1000,1,10000
9726,91,1000,1,10000
6184,124,1000,1,10000
5661,36,1000,1,10000
14,17,1000,1,10000
779,59,1000,1,10000
8219,189,1000,1,10000
2500,27,1000,1,10000
227,13,1000,1,10000
7843,52,1000,1,10000
4069,157,1000,1,10000
3443,56,1000,1,10000
5410,41,1000,1,10000
6993,106,1000,1,10000
3573,74,1000,1,10000
2373,76,1000,1,10000
2540,32,1000,1,10000
2056,125,1000,1,10000
91,92,1000,1,10000
2797,66,1000,1,10000
9156,109,1000,1,10000
6156,36,1000,1,10000
4298,25,1000,1,10000
1997,50,1000,1,10000
4026,69,1000,1,10000
8030,44,1000,1,10000
3429,30,1000,1,10000
3844,51,1000,1,10000
7513,88,1000,1,10000
5746,173,1000,1,10000
7642,31,1000,1,10000
3201,167,1000,1,10000
5471,160,1000,1,10000
178,31,1000,1,10000
8862,122,1000,1,10000
1837,130,1000,1,10000
956,54,1000,1,10000
7080,119,1000,1,10000
4336,46,1000,1,10000
1183,88,1000,1,10000
1274,57,1000,1,10000
4756,77,1000,1,10000
977,98,1000,1,10000
3036,61,1000,1,10000
1748,117,1000,1,10000
901,54,1000,1,10000
5408,54,1000,1,10000
4287,126,1000,1,10000
2957,22,1000,1,10000
1850,130,1000,1,10000
3436,149,1000,1,10000
8464,34,1000,1,10000
8005,52,1000,1,10000
7733,26,1000,1,10000
460,35,1000,1,10000
8382,109,1000,1,10000
5763,36,1000,1,10000
240,21,1000,1,10000
8578,78,1000,1,10000
9627,47,1000,1,10000
2338,58,1000,1,10000
2571,53,1000,1,10000
2827,110,1000,1,10000
7808,26,1000,1,10000
2748,40,1000,1,10000
1688,42,1000,1,10000
5996,49,1000,1,10000
3704,131,1000,1,10000
5119,116,1000,1,10000
331,24,1000,1,10000
1238,132,1000,1,10000
6393,168,1000,1,10000
5087,178,1000,1,10000
2214,138,1000,1,10000
9428,122,1000,1,10000
6834,57,1000,1,10000
9467,104,1000,1,10000
1187,75,1000,1,10000
7473,101,1000,1,10000
2423,71,1000,1,10000
9388,109,1000,1,10000
908,15,1000,1,10000
7238,57,1000,1,10000
3744,25,1000,1,10000
8640,47,1000,1,10000
4049,64,1000,1,10000
8477,83,1000,1,10000
754,64,1000,1,10000
4289,77,1000,1,10000
7054,57,1000,1,10000
380,107,1000,1,10000
2978,48,1000,1,10000
9625,47,1000,1,10000
9559,78,1000,1,10000
7137,49,1000,1,10000
2372,76,1000,1,10000
1246,132,1000,1,10000
3133,123,1000,1,10000
2427,120,1000,1,10000
2717,66,1000,1,10000
3463,105,1000,1,10000
16,4,1000,1,10000
5461,15,1000,1,10000
4901,134,1000,1,10000
8582,78,1000,1,10000
1240,88,1000,1,10000
8087,26,1000,1,10000
8048,70,1000,1,10000
8778,140,1000,1,10000
5559,160,1000,1,10000
470,128,1000,1,10000
8165,65,1000,1,10000
2818,84,1000,1,10000
4059,64,1000,1,10000
8260,127,1000,1,10000
7809,145,1000,1,10000
8107,65,1000,1,10000
6736,44,1000,1,10000
8563,127,1000,1,10000
8747,47,1000,1,10000
3790,175,1000,1,10000
5294,54,1000,1,10000
1724,42,1000,1,10000
9766,73,1000,1,10000
4852,46,1000,1,10000
8861,122,1000,1,10000
8489,65,1000,1,10000
2450,133,1000,1,10000
8345,114,1000,1,10000
7268,70,1000,1,10000
5166,54,1000,1,10000
1807,117,1000,1,10000
7283,119,1000,1,10000
626,131,1000,1,10000
3060,48,1000,1,10000
5864,98,1000,1,10000
1865,68,1000,1,10000
1146,106,1000,1,10000
3911,82,1000,1,10000
6994,106,1000,1,10000
3056,48,1000,1,10000
732,95,1000,1,10000
5158,147,1000,1,10000
5873,98,1000,1,10000
4790,33,1000,1,10000
3417,56,1000,1,10000
3681,131,1000,1,10000
9249,184,1000,1,10000
152,23,1000,1,10000
2243,45,1000,1,10000
7995,52,1000,1,10000
293,117,1000,1,10000
3889,38,1000,1,10000
6071,155,1000,1,10000
6410,62,1000,1,10000
8740,109,1000,1,10000
1283,52,1000,1,10000
4899,134,1000,1,10000
1189,75,1000,1,10000
9627,47,1000,1,10000
2166,138,1000,1,10000
2706,40,1000,1,10000
7785,220,1000,1,10000
9448,60,1000,1,10000
3331,180,1000,1,10000
844,41,1000,1,10000
1664,16,1000,1,10000
1547,34,1000,1,10000
1989,24,1000,1,10000
5574,36,1000,1,10000
8540,65,1000,1,10000
5044,41,1000,1,10000
2658,53,1000,1,10000
49,24,1000,1,10000
7268,70,1000,1,10000
7447,132,1000,1,10000
9817,135,1000,1,10000
949,36,1000,1,10000
6695,44,1000,1,10000
6321,155,1000,1,10000
9543,52,1000,1,10000
1042,124,1000,1,10000
6613,93,1000,1,10000
3431,118,1000,1,10000
7112,150,1000,1,10000
3023,92,1000,1,10000
2171,50,1000,1,10000
8394,65,1000,1,10000
4273,64,1000,1,10000
9711,60,1000,1,10000
8020,114,1000,1,10000
2790,128,1000,1,10000
2417,19,1000,1,10000
5804,142,1000,1,10000
8589,26,1000,1,10000
2099,63,1000,1,10000
3000,48,1000,1,10000
252,109,1000,1,10000
9998,91,1000,1,10000
4988,134,1000,1,10000
2178,45,1000,1,10000
4889,46,1000,1,10000
6384,124,1000,1,10000
4835,20,1000,1,10000
4938,134,1000,1,10000
3651,43,1000,1,10000
8633,52,1000,1,10000
1106,137,1000,1,10000
951,28,1000,1,10000
5328,116,1000,1,10000
7426,70,1000,1,10000
494,48,1000,1,10000
2721,66,1000,1,10000
4039,144,1000,1,10000
3924,25,1000,1,10000
9832,42,1000,1,10000
3413,17,1000,1,10000
2446,133,1000,1,10000
4577,152,1000,1,10000
7685,145,1000,1,10000
8509,78,1000,1,10000
8948,91,1000,1,10000
6826,18,1000,1,10000
925,129,1000,1,10000
1103,44,1000,1,10000
5414,41,1000,1,10000
9375,47,1000,1,10000
4102,38,1000,1,10000
5666,129,1000,1,10000
5724,28,1000,1,10000
5442,67,1000,1,10000
7843,52,1000,1,10000
613,38,1000,1,10000
8177,52,1000,1,10000
9029,39,1000,1,10000
1902,29,1000,1,10000
8179,65,1000,1,10000
7661,176,1000,1,10000
3007,154,1000,1,10000
9130,109,1000,1,10000
9340,91,1000,1,10000
433,27,1000,1,10000
9623,47,1000,1,10000
2060,125,1000,1,10000
823,134,1000,1,10000
9898,29,1000,1,10000
8243,65,1000,1,10000
4235,56,1000,1,10000
8696,140,1000,1,10000
2819,84,1000,1,10000
8271,96,1000,1,10000
7204,163,1000,1,10000
8118,65,1000,1,10000
1448,21,1000,1,10000
4480,20,1000,1,10000
5573,36,1000,1,10000
6861,31,1000,1,10000
206,88,1000,1,10000
9674,60,1000,1,10000
8878,96,1000,1,10000
5930,49,1000,1,10000
1467,140,1000,1,10000
6720,44,1000,1,10000
6542,137,1000,1,10000
9643,166,1000,1,10000
2100,32,1000,1,10000
8443,109,1000,1,10000
7822,83,1000,1,10000
9761,47,1000,1,10000
7801,145,1000,1,10000
6951,111,1000,1,10000
9100,21,1000,1,10000
8233,145,1000,1,10000
2925,141,1000,1,10000
1160,119,1000,1,10000
5407,67,1000,1,10000
2822,35,1000,1,10000
5754,54,1000,1,10000
5993,80,1000,1,10000
7869,101,1000,1,10000
4925,72,1000,1,10000
4263,126,1000,1,10000
5072,41,1000,1,10000
3042,110,1000,1,10000
5710,129,1000,1,10000
5903,98,1000,1,10000
8614,78,1000,1,10000
8923,70,1000,1,10000
6109,155,1000,1,10000
4640,121,1000,1,10000
7800,145,1000,1,10000
2038,63,1000,1,10000
6106,155,1000,1,10000
872,116,1000,1,10000
8579,78,1000,1,10000
2101,32,1000,1,10000
2971,48,1000,1,10000
3373,43,1000,1,10000
6274,36,1000,1,10000
2731,115,1000,1,10000
7525,39,1000,1,10000
9576,122,1000,1,10000
8183,127,1000,1,10000
5758,129,1000,1,10000
2500,27,1000,1,10000
9342,91,1000,1,10000
7516,88,1000,1,10000
1673,91,1000,1,10000
5095,72,1000,1,10000
3509,56,1000,1,10000
9542,104,1000,1,10000
19,20,1000,1,10000
7771,114,1000,1,10000
965,23,1000,1,10000
9413,34,1000,1,10000
9833,47,1000,1,10000
6868,106,1000,1,10000
4378,33,1000,1,10000
5107,178,1000,1,10000
2976,22,1000,1,10000
9017,39,1000,1,10000
2906,48,1000,1,10000
5013,134,1000,1,10000
1475,140,1000,1,10000
